7051029
4789012
1211288
3109344
6611294
4865594
4962404
7545576
4000478
1148712
2025811
6709325
8090513
7367278
2623814
6887310
4545806
1445613
5528452
1164759
5976961
5038026
5769833
3053016
7411703
5323700
3913004
6981695
9757019
0040857
3449286
1706648
2312404
2023938
8783693
7680168
0425142
4334856
3884303
8248453
9989859
3069712
9913099
1999147
6218625
8081087
8997402
1108438
9564263
0392595
2602813
8150769
7616894
8235741
2845009
0508149
4355440
0236412
7644726
7258580
5319991
8391730
5830562
1916935
1521499
8646072
6869833
9391919
7103559
3470249
2072241
5902532
3190748
5971457
0176460
7099042
7645646
2856429
3838332